accuracy: 0.825
precision: 0.7647058823529411
recall: 0.8125
f1_score: 0.7878787878787878
