accuracy: 0.838012958963283
precision: 0.8367265557153742
recall: 0.838012958963283
f1_score: 0.8352244246359088
