accuracy: 0.505
precision: 0.5282085421888053
recall: 0.505
f1_score: 0.508414670991538
