accuracy: 0.925
precision: 0.926591030086237
recall: 0.925
f1_score: 0.9249467972611845
