accuracy: 0.9864864864864865
precision: 0.9865079435303694
recall: 0.9864864864864865
f1_score: 0.9864886992546568
